5612312233	1234-QWA-1099	14	17.12	52
5612129876	0987-ASW-1234	20	15.50	33
5614344447	4567-RWS-7650	10	4.25	0
5614221987	1124-SWQ-8765	64	18.50	12
3058753322	3321-GVB-7865	12	21.75	24
3054165321	7891-GFD-6754	30	10.00	31
9547771234	9124-XMO-7654	11	94.99	22
5612334976	6543-QWA-9123	35	11.50	0
9543328787	8765-MNB-8123	14	21.35	3
4073911098	9876-HGF-3217	48	31.31	18
4074432716	9831-GVF-9876	17	11.22	104
3056781236	1334-VCD-8900	4	66.77	83
5615551212	3314-RET-1222	8	14.35	44
3054665757	1111-JET-8888	10	14.32	14
3056783456	9989-OPY-7765	54	1.67	66
4076985602	7654-UYT-0000	24	1.32	72
5614218896	7654-WES-7777	81	16.32	30
3056712387	9999-FLA-1111	9	10.77	94
9543217632	8765-HGF-9123	53	1.32	11
5613345098	3456-OPW-1234	26	3.45	13
5613367891	9087-JJJ-5432	9	45.60	43
5614347788	5432-HGF-6677	60	5.11	14
4073914228	2233-KNB-7659	75	9.99	15
4073954678	8234-TGD-9821	72	9.62	23
3056780009	2134-FGD-8883	200	0.77	26
